Tax
3885
436907
7240
6669
104421
644223
7955
9031
5664
237561
227321
237631
10090
284811
284590
284592
5888
43151
1071378
1068625
590646
619300
9669
500485
554373
556484
4558
7227
284813
8090
321614
306901
3068
5786
861557
7222
747676
61853
59463
10029
486041
515849
246410
7238
441960
284591
34765
665079
81824
670386
35128
36329
441375
426418
88036
9595
412133
184922
7739
6945
436017
45351
9601
983644
498257
502780
447093
1064592
9103
28377
481877
561896
402676
441959
332648
367110
9986
46245
240176
564608
771870
294381
6239
5875
5874
379508
294746
296587
554155
559295
294747
559298
559297
3880
336963
502779
214684
5865
44689
432359
9615
322104
9598
9258
13616
9796
353153
559292
7176
9940
7425
284593
5811
284812
660025
10116
443226
655827
330879
544712
2880
1094619
985895
535722
44056
226230
655819
8083
1071380
935791
1133968
1003232
869250
4081
4555
1124627
7460
7091
12957
660122
8128
43179
1071382
578454
559304
30611
31033
281687
164328
54126
630390
671144
29159
452589
1104152
10141
944018
1076872
9606
1071381
4533
644352
1172189
1001064
1128400
1071383
1120755
599839
717982
3702
510516
4536
403677
5762
6279
344612
331117
425011
9544
353152
3218
3694
1072389
1220162
931890
10181
3760
3055
656061
1160507
280699
39946
7165
7668
413071
1126212
1109443
278856
759273
684364
5660
574566
7070
13735
99883
858893
4577
573729
85056
578458
572307
69293
9785
9305
306902
59729
103372
655863
1054147
7260
946362
423536
7217
7029
51511
400682
341663
40149
4529
336722
936435
759272
135651
554065
544711
8364
7719
5671
999810
578455
9483
9823
610380
31234
3988
12968
126793
650164
597362
510952
185431
6238
73239
7897
871575
81972
526221
595528
7234
645133
418459
756982
7244
15368
7159
3847
425265
6183
559305
663331
9646
857967
431241
10228
1055687
380704
121224
242507
578460
334819
426428
764103
9913
246409
312017
70448
29760
7230
2059318
1206466
1093141
1170229
1209962
9402
225400
658429
72004
948595
993615
1257118
905079
1213859
4113
112509
72359
246437
983506
9685
559515
644358
51351
717646
1245528
1069680
1151754
1290391
2769
1287681
214687
1287680
1097556
2903
1299270
1305764
1286976
1220926
1213857
126957
370355
283909
1358809
1284197
6412
36166
13249
32264
200361
4572
743788
28005
546991
192259
653667
1237896
59894
8840
1279085
1111077
1116229
1262450
1168221
578461
1229664
2502994
914234
692275
383855
675120
665912
671987
701091
683840
1381753
13333
1416333
1356009
1391915
348837
7994
7918
1317065
761204
747089
8665
1317064
112090
57270
4565
431595
6210
72520
1263415
911162
933388
1365824
1182543
1182544
1182542
1182541
1432307
110365
1388766
1445577
1432141
46433
157072
6282
1215338
53326
1043628
1291522
3641
65489
40148
4537
1159556
1287689
1137138
2711
136037
180498
930990
685588
1173701
933084
1037660
1423351
1263082
1043004
1182545
1283841
563466
48698
9555
3075
885580
3708
50452
81985
1420910
1420913
1420907
1420902
1420909
1420915
1420914
1437433
1420906
1391699
1420901
5643
1485682
857340
60711
3659
40296
1245745
27334
1043005
981085
1229662
1858805
1288291
1036724
1089458
670483
747525
1043003
5843
130081
419612
85681
72664
691883
5835
1237627
1036727
1043002
1036725
71139
77166
695850
225164
4155
1220924
660029
988480
1156394
74873
1081103
52586
6265
1354746
8469
1537102
5851
8897
669202
429131
109376
29729
77586
29730
698492
5866
72032
1403190
1047168
5544
308745
40302
1214573
113540
88771
6313
75913
6248
34506
3555
67767
91492
1163406
1314962
29655
27349
7375
268505
1460289
1509407
104452
229535
77020
179993
157538
1664694
1531966
37360
5949
1169540
104259
100787
456999
78410
8496
293939
146866
1629725
12930
75058
4790
57421
85066
109478
188344
1442368
2015173
166423
1268274
188379
3914
240206
645134
65357
9209
76193
745531
328815
253628
944288
66420
128390
9233
100784
158046
732165
91928
187382
215243
54374
1442371
686832
1408657
37653
40382
27342
57068
741705
2060906
441894
944289
1016849
30419
879819
57412
1442369
279965
694068
97097
94827
664439
61180
121530
1277687
51031
9218
68888
1306850
43455
84753
55661
29172
1037528
30455
91626
1296109
994086
597456
150374
176057
930089
345573
50402
8932
118200
578459
721885
1408163
1036808
1314674
765257
51022
175836
9238
3562
933852
35722
54380
1128425
36300
765440
56313
741275
870435
54383
57397
1051891
5601
945553
990650
57267
137071
212818
1245769
9244
37040
717944
913774
6198
348802
1240240
578462
407821
1603295
8969
28573
461836
569365
1095629
1043627
930992
145388
77044
930991
578456
1291518
946122
105231
454286
667725
580059
396776
1165861
580058
6336
45882
92179
181606
6335
454130
6334
990121
6337
398673
268474
401625
92180
4781
266149
221103
268475
48697
144512
1108050
39947
1305733
5061
1209931
321146
5078
1714833
52283
796925
196109
1344416
149040
229533
113226
5823
3821
766039
33097
64791
361077
39966
30069
178035
436010
708197
98403
1573173
1328760
1314777
1314783
1330018
1081104
1314782
1314776
5454
1353952
35525
1314785
1081102
1081108
747725
1460663
1314672
403673
1480154
765868
5599
1314781
763407
765867
13291
79200
1819745
117179
100816
33203
1367422
478820
1380566
471704
1314771
520822
34720
456900
1081109
864142
864141
4829
694573
1296121
121845
9365
10020
4097
7574
3827
8030
3916
3656
3983
1524831
1955775
342668
36050
1622147
1622149
56216
1314800
1622150
766949
869754
1331196
4615
1296120
1296100
5627
101091
1296096
1295531
1295533
683960
669874
984487
984486
675824
983966
158607
763406
86049
48709
573508
983967
857566
767744
1344418
984485
88456
7209
29833
56408
635003
888268
1209926
1835702
914237
109264
1144522
1866961
1447872
45354
1408157
180088
236234
568069
1036611
1073090
154538
1160497
576137
1036612
1073089
767769
690307
1805483
4926
1230383
708187
1198029
98765
8355
2951
947166
1316194
93759
5963
133412
3775
133383
49451
210143
602072
1213189
3871
5353
1813822
36022
796027
4096
3635
4432
1868482
38654
10036
1357716
1072105
5062
1365886
372326
420778
4955
1230905
303698
254877
60169
36646
29845
69771
60172
416450
60175
52670
224129
418985
67003
1081669
1974281
232323
1507870
1081671
646526
1353009
1231657
4999
105696
8022
765915
106004
1314790
90262
329046
64571
2754530
1141098
1754191
462227
1754190
61395
1754192
71784
670580
6958
1157616
1001938
56857
77519
73868
1789683
299123
4795
158441
9009
41875
269621
1519565
9014
5286
1441469
1276538
1245748
41047
543379
282301
4232
1503980
2282107
47427
2786
7102
2018661
1076256
290292
742152
47428
327505
5858
85471
2004951
483139
4072
1035309
1447875
94643
2060905
80379
33114
1447883
112498
50429
73230
1399860
2004952
42345
8400
1077348
6192
218851
1611254
498019
45464
307972
429701
656916
1157962
2020962
37293
2715852
9531
336983
9541
9545
9568
379532
61621
61622
39432
41688
22663
1758121
906689
1392250
588596
1392255
41067
348901
4236
51240
1095630
200324
2082293
176275
1149755
105785
1088818
57577
189622
47790
45235
55188
42673
63057
3476
741276
9083
611791
225359
94208
357750
2070414
45607
74649
2070413
2070412
27350
554055
3634
3076
9597
1042311
983965
1246581
1448308
418784
1590841
2025994
58853
5516
983964
1890364
857342
2315210
101127
13706
6573
1340429
703135
58291
46360
94128
763665
503106
8081
3330
3900
1658174
1938954
392613
387005
36330
1001833
5551
2714763
9764
74557
1069443
4686
1081105
519963
1202772
40998
1001832
2082308
35883
59895
3197
45357
1504633
1485229
42251
97972
6973
400727
35608
7757
9739
9708
9713
133385
133381
61424
215250
1280837
1522189
1569628
56646
1684307
58919
52904
1450535
1882483
42249
1448321
448386
307507
94130
1448320
1448315
1450539
1448318
127582
29088
391180
9749
9755
1450537
38457
29058
4909
1196081
267555
1448316
796604
183478
289078
1450538
7160
1052685
574774
472368
1314670
516756
2094558
33528
29920
86630
29170
2039875
2039874
5486
4846
1330021
1341132
287889
2656787
1849047
1810919
139420
3088
80972
80966
5539
32507
94237
205130
56723
29073
310752
36035
1803374
3711
37003
8153
28743
64144
161767
244447
8010
106582
118797
69332
97028
797122
2675880
1302712
658196
211228
5514
2070753
694270
490622
1678846
44941
29158
159749
1348612
334426
53468
6269
1051616
1907219
1051890
6290
994334
215637
27322
7266
333673
31246
388810
425264
48420
40348
241478
6293
42157
637853
27835
78915
71465
188477
1314773
1960876
27848
2249420
51028
2249418
6205
6216
318479
2483409
1555241
1160509
4540
177199
46731
2867405
70667
10195
1336337
103827
44316
91943
6277
48269
2010991
1392247
42156
2249417
1712513
2340872
6280
102285
105984
1890683
6186
42155
157069
2249419
495550
60516
542832
60517
291195
168631
97331
123683
93625
62708
2487125
6689
337451
5698
264951
356882
252740
83891
231916
181874
1230097
1965070
325452
2028339
363999
212602
2028340
79923
9627
34884
105351
137246
1325735
139825
1325737
1325734
75743
13347
299467
4639
5217
3848
1052797
3818
7906
2316362
3750
84645
6184
13370
9925
38772
9643
157739
183589
195883
148818
2211647
1661398
114155
1176355
2163413
2211644
2211646
2211642
92696
1081914
155417
2211645
2211643
4779
50990
8167
7232
49390
103600
5466
8839
454923
278938
1314807
87229
38488
278944
54673
55544
37992
71717
135208
2494336
341454
205917
34475
180675
86259
4556
34508
240159
9838
151549
42258
69820
1884261
80884
5364
542762
52247
230819
1220188
1314778
167371
147828
40151
706561
68775
2447956
331657
329884
43335
329885
1306861
1095465
1540922
300112
1965284
1708541
245174
5288
6182
1328759
230148
8187
30522
62062
8005
7868
29139
106549
5742
215461
43265
623744
50376
3469
1764295
46835
286115
52838
6832
109895
2512241
1093900
5098
2562755
1806994
175774
246404
62714
97359
1194695
7111
1734106
1883078
38448
1000413
33653
84751
34275
1485010
86804
433684
210409
35688
34504
1572043
56615
189913
38414
4170
47621
506608
1571157
561372
1506151
132259
36643
45133
9886
1226010
61420
656917
2078593
192012
5067
41062
61186
96803
986946
1250544
209559
2182728
41984
176857
7054
3755
138285
2448454
310915
54343
120398
9995
1027361
718367
1582974
191816
2606893
64391
64606
215358
2018007
262921
1316788
53985
5025
702518
129364
106335
9770
4874
1232801
215460
5763
5481
33178
602034
3870
8168
3981
1685480
6185
59479
61383
1608454
9054
75366
586833
173247
8175
2489341
181472
37032
194338
307959
375764
64176
8673
2587831
223781
47969
8032
5417
9678
307491
5007
307492
355587
86971
110450
613905
100861
1316786
323545
100035
44745
867726
2598192
586526
2600580
6233
79782
30019
182803
861768
36987
1928728
215402
286661
230844
48883
3673
4182
30538
133901
51953
3661
3726
8208
8663
9880
7137
144034
27457
35019
300111
103695
110368
108875
441921
185453
32536
649802
89673
7092
56716
207650
29144
7225
7048
574789
1314786
1392243
219594
9515
36596
42192
121627
75948
42260
2792677
66656
42229
7957
9696
9915
7741
38626
210632
6956
50390
13443
7950
148305
6645
1415580
94885
161013
260995
7291
8218
6105
30033
132908
10160
609295
43346
1041015
326968
130453
59799
433685
262757
48435
101201
254448
1118519
36200
243314
2823264
2478892
252798
227228
1961834
159581
1118560
135165
114369
243059
47692
84607
980116
2585816
127929
886794
99882
667154
36275
68486
571890
287016
369605
240209
110676
626378
227184
1049336
75869
254557
38397
2585810
103956
68497
79633
51298
33584
317792
13245
463165
37610
115618
2690220
175120
8947
175529
2585813
1964551
83376
45807
78864
107208
125297
54059
172689
8805
135168
181099
48396
254539
201329
381031
1323832
182897
28689
73330
302527
5476
91796
78861
52777
450177
30388
98133
137541
468512
48426
73324
254552
33581
56258
441696
48891
75485
461239
182895
495162
2508778
1352770
325343
262131
39325
254446
54971
979223
1118524
461245
8790
114276
57439
1567541
1112836
458187
118793
181101
56676
187106
52622
28713
449384
42677
181839
381881
2485327
2664684
33598
39621
298831
54508
99802
360224
56311
27622
153643
269412
77932
382315
64278
32597
239386
670355
84834
1237068
46969
156561
9252
37079
56343
297813
456388
54017
461220
545262
208073
227182
254528
2585822
72228
2585812
2585811
59472
74200
419690
201217
48278
182062
254563
44397
89386
667186
321084
81907
141839
2030778
79628
221966
2069292
720584
114331
64802
156170
227192
117010
161742
279966
113115
245048
1109041
670356
354080
2480587
54356
363769
208069
48427
8851
42747
118183
1101274
79653
54386
98144
449367
254575
720586
225398
670337
187437
2585820
55169
932028
66707
48155
589841
58203
1118748
42672
2585815
240201
1160894
266360
39617
1347786
371919
176943
112416
176938
366454
161653
369639
689266
9132
56262
390850
370605
337179
337173
312124
47695
47803
2529409
43316
237438
9176
91767
98964
50251
3483
8905
1160851
28724
43150
165716
227226
458190
390723
874463
54359
254652
425643
2585818
2650976
265632
239371
34956
161649
54369
78217
330153
117165
34285
34287
458696
4045
4442
219545
560253
10212
34281
100902
9407
34289
34286
34288
34283
34291
34290
34282
8502
109461
97700
252671
63787
877507
343691
132261
217165
63459
1187904
158019
30213
1628268
4787
357074
64648
198940
1196302
878477
85069
282569
422564
679940
2364996
7213
364733
2748771
322582
73333
47281
44442
1118817
101142
1325293
474922
658473
2026947
190295
1218682
7454
465554
29856
30212
245042
40210
56068
104408
2733690
103954
1208366
544730
230812
1463973
5322
45130
28548
142471
354439
118357
2692428
240729
73327
237442
192524
135441
1194566
261450
2839758
175131
84702
37042
9163
362788
81927
1053134
2126181
1010633
51239
182096
176039
684658
104341
1519616
2175873
9117
667144
1287682
135972
631055
34880
30732
2054153
7107
342381
2053757
2952
51695
170446
97098
205686
4460
33601
374723
237433
340414
89957
230985
91625
458196
1220207
2175906
13715
561572
187451
56067
1413687
449594
797021
6326
135184
41880
237420
685502
13502
101028
38082
51605
249248
1234261
433720
2762511
2778382
392030
392033
392032
111125
104777
345717
2762512
181762
108018
1940652
1903189
1278906
116794
172621
2774352
303371
621737
2715315
5037
230685
2902605
61207
278681
2698480
72036
74533
119953
495285
303405
485398
561895
8478
1026970
87175
183150
7962
51337
83772
7764
13489
1825980
286419
8508
367368
30608
181631
34839
9689
1220523
74940
8475
106734
13146
8630
9994
40217
9135
156563
9565
93934
44394
1328070
10103
591936
9999
425635
30464
96440
99837
8824
452646
132585
9049
30521
8845
241587
47308
51154
211598
9089
68415
61221
8049
105023
75864
311401
257818
42100
224669
1240228
8019
35670
2593467
100819
91951
55149
8103
30461
283035
445787
299321
27687
441366
6087
202946
294128
6565
133434
143950
334116
1230840
186990
51338
3816
178133
9771
133409
2202890
202257
47600
39272
2496075
79684
424472
79626
201153
7067
1594786
334625
27845
103762
2053667
1564500
94328
7917
60419
2874296
1737510
51714
6706
100268
1410381
6347
9234
2081491
395501
1979941
41210
57060
37083
117903
5974
2724454
51543
27404
151541
35677
